10.2421875
9.84765625
9.484375
9.14453125
8.828125
8.53515625
8.26171875
8.0
8.0
7.53125
7.31640625
7.11328125
6.921875
6.73828125
6.56640625
6.40234375
6.24609375
6.09765625
5.95703125
5.8203125
5.69140625
5.56640625
5.44921875
5.3359375
5.2265625
5.12109375
5.0234375
4.92578125
4.83203125
4.7421875
4.65625
4.57421875
4.4921875
4.4140625
4.33984375
4.26953125
4.19921875
4.1328125
4.06640625
4.0
4.0
3.87890625
3.82421875
3.765625
3.7109375
3.66015625
3.609375
3.55859375
3.5078125
3.4609375
3.4140625
3.37109375
3.328125
3.28515625
3.2421875
3.203125
3.1640625
3.125
3.0859375
3.05078125
3.015625
2.98046875
2.9453125
2.91015625
2.87890625
2.84765625
2.81640625
2.78515625
2.75390625
2.7265625
2.6953125
2.66796875
2.640625
2.61328125
2.5859375
2.5625
2.53515625
2.51171875
2.48828125
2.46484375
2.44140625
2.41796875
2.39453125
2.37109375
2.3515625
2.328125
2.30859375
2.2890625
2.265625
2.24609375
2.2265625
2.20703125
2.19140625
2.171875
2.15234375
2.13671875
2.1171875
2.1015625
2.08203125
2.06640625
2.05078125
2.03515625
2.01953125
2.0
2.0
1.97265625
1.95703125
1.94140625
1.92578125
1.9140625
1.8984375
1.8828125
1.87109375
1.85546875
1.84375
1.83203125
1.81640625
1.8046875
1.79296875
1.78125
1.765625
1.75390625
1.7421875
1.73046875
1.71875
1.70703125
1.69921875
1.6875
1.67578125
1.6640625
1.65234375
1.64453125
1.6328125
1.62109375
1.61328125
1.6015625
1.59375
1.58203125
1.57421875
1.5625
1.5546875
1.54296875
1.53515625
1.52734375
1.515625
1.5078125
1.5
1.4921875
1.48046875
1.47265625
1.46484375
1.45703125
1.44921875
1.44140625
1.43359375
1.42578125
1.41796875
1.41015625
1.40234375
1.39453125
1.38671875
1.37890625
1.37109375
1.36328125
1.35546875
1.34765625
1.34375
1.3359375
1.328125
1.3203125
1.31640625
1.30859375
1.30078125
1.29296875
1.2890625
1.28125
1.27734375
1.26953125
1.26171875
1.2578125
1.25
1.24609375
1.23828125
1.234375
1.2265625
1.22265625
1.21484375
1.2109375
1.203125
1.19921875
1.19140625
1.1875
1.18359375
1.17578125
1.171875
1.1640625
1.16015625
1.15625
1.1484375
1.14453125
1.140625
1.1328125
1.12890625
1.125
1.12109375
1.11328125
1.109375
1.10546875
1.1015625
1.09765625
1.08984375
1.0859375
1.08203125
1.078125
1.07421875
1.0703125
1.0625
1.05859375
1.0546875
1.05078125
1.046875
1.04296875
1.0390625
1.03515625
1.03125
1.02734375
1.0234375
1.01953125
1.015625
1.01171875
1.0078125
1.0
1.0